# Created by Octave 3.8.2, Fri Oct 30 21:16:07 2015 CDT <shiva@blackbox>
# name: errtab
# type: sparse matrix
# nnz: 1034
# rows: 99
# columns: 56
1 1 2
2 1 3
3 1 4
4 1 5
5 1 6
6 1 7
7 1 8
8 1 9
9 1 10
10 1 20
11 1 30
12 1 40
13 1 50
14 1 60
15 1 70
16 1 80
17 1 90
18 1 100
19 1 200
20 1 300
21 1 400
22 1 500
23 1 600
24 1 700
25 1 800
26 1 900
27 1 1000
28 1 2000
29 1 3000
30 1 4000
31 1 5000
32 1 6000
33 1 7000
34 1 8000
35 1 9000
36 1 10000
37 1 20000
38 1 30000
39 1 40000
40 1 50000
41 1 60000
42 1 70000
43 1 80000
44 1 90000
45 1 100000
46 1 200000
47 1 300000
48 1 400000
49 1 500000
50 1 600000
51 1 700000
52 1 800000
53 1 900000
54 1 1000000
55 1 2000000
56 1 3000000
57 1 4000000
58 1 5000000
59 1 6000000
60 1 7000000
61 1 8000000
62 1 9000000
63 1 10000000
64 1 20000000
65 1 30000000
66 1 40000000
67 1 50000000
68 1 70000000
69 1 100000000
70 1 200000000
71 1 300000000
72 1 400000000
73 1 500000000
74 1 700000000
75 1 1000000000
76 1 2000000000
77 1 3000000000
78 1 4000000000
79 1 5000000000
80 1 6000000000
81 1 7000000000
82 1 10000000000
83 1 20000000000
84 1 30000000000
85 1 40000000000
86 1 50000000000
87 1 70000000000
88 1 100000000000
89 1 200000000000
90 1 300000000000
91 1 400000000000
92 1 500000000000
93 1 700000000000
94 1 1000000000000
95 1 2000000000000
96 1 3000000000000
97 1 4000000000000
98 1 5000000000000
99 1 7000000000000
1 2 0.02128
2 2 0.04358
3 2 0.0596
4 2 0.07074999999999999
5 2 0.07825
6 2 0.08288
7 2 0.08516
8 2 0.08556
9 2 0.08556
1 3 0.000208
2 3 0.001035
3 3 0.002191
4 3 0.003437
5 3 0.004659
6 3 0.005811
7 3 0.006878
8 3 0.007856999999999999
9 3 0.008751999999999999
10 3 0.01448
11 3 0.01699
12 3 0.01784
13 3 0.01785
1 4 1.834e-06
2 4 2.223e-05
3 4 7.279e-05
4 4 0.00015
5 4 0.0002463
6 4 0.0003553
7 4 0.0004718
8 4 0.0005924
9 4 0.0007145
10 4 0.001819
11 4 0.002627
12 4 0.003215
13 4 0.003659
14 4 0.004001
15 4 0.004271
16 4 0.004485
17 4 0.004655
18 4 0.004789
19 4 0.005052
1 5 1.542e-08
2 5 4.556e-07
3 5 2.311e-06
4 5 6.258e-06
5 5 1.246e-05
6 5 2.079e-05
7 5 3.098e-05
8 5 4.273e-05
9 5 5.577e-05
10 5 0.0002169
11 5 0.0003795
12 5 0.000523
13 5 0.0006468999999999999
14 5 0.0007541
15 5 0.0008474
16 5 0.0009293
17 5 0.001002
18 5 0.001066
19 5 0.001456
20 5 0.001628
21 5 0.001695
22 5 0.0017
1 6 1.261e-10
2 6 9.088e-09
3 6 7.139000000000001e-08
4 6 2.543e-07
5 6 6.143e-07
6 6 1.185e-06
7 6 1.982e-06
8 6 3.004e-06
9 6 4.243e-06
10 6 2.521e-05
11 6 5.336e-05
12 6 8.266e-05
13 6 0.000111
14 6 0.0001377
15 6 0.0001626
16 6 0.0001858
17 6 0.0002074
18 6 0.0002274
19 6 0.0003707
20 6 0.0004554
21 6 0.0005117
22 6 0.0005517
23 6 0.0005811
24 6 0.0006031
25 6 0.0006193
26 6 0.0006309
27 6 0.0006385
28 6 0.0006428
1 7 1.012e-12
2 7 1.78e-10
3 7 2.167e-09
4 7 1.016e-08
5 7 2.976e-08
6 7 6.643000000000001e-08
7 7 1.246e-07
8 7 2.076e-07
9 7 3.173e-07
10 7 2.88e-06
11 7 7.379e-06
12 7 1.285e-05
13 7 1.872e-05
14 7 2.471e-05
15 7 3.066e-05
16 7 3.648e-05
17 7 4.213e-05
18 7 4.76e-05
19 7 9.216999999999999e-05
20 7 0.0001235
21 7 0.0001467
22 7 0.0001649
23 7 0.0001795
24 7 0.0001915
25 7 0.0002016
26 7 0.0002102
27 7 0.0002177
28 7 0.000257
29 7 0.0002646
1 8 8.02e-15
2 8 3.444e-12
3 8 6.498e-11
4 8 4.007e-10
5 8 1.424e-09
6 8 3.677e-09
7 8 7.741e-09
8 8 1.417e-08
9 8 2.344e-08
10 8 3.252e-07
11 8 1.008e-06
12 8 1.973e-06
13 8 3.121e-06
14 8 4.382e-06
15 8 5.711e-06
16 8 7.077e-06
17 8 8.457999999999999e-06
18 8 9.840999999999999e-06
19 8 2.261e-05
20 8 3.297e-05
21 8 4.141e-05
22 8 4.842e-05
23 8 5.438e-05
24 8 5.952e-05
25 8 6.401000000000001e-05
26 8 6.799e-05
27 8 7.153e-05
28 8 9.365e-05
29 8 0.0001047
30 8 0.000111
31 8 0.0001146
32 8 0.0001162
33 8 0.0001163
9 9 1.716e-09
10 9 3.64e-08
11 9 1.365e-07
12 9 3.003e-07
13 9 5.155e-07
14 9 7.701e-07
15 9 1.054e-06
16 9 1.361e-06
17 9 1.683e-06
18 9 2.016e-06
19 9 5.498e-06
20 9 8.724e-06
21 9 1.157e-05
22 9 1.407e-05
24 9 1.829e-05
27 9 2.321e-05
28 9 3.341e-05
29 9 3.926e-05
30 9 4.316e-05
31 9 4.596e-05
33 9 4.969e-05
36 9 5.271e-05
37 9 5.392e-05
9 10 1.248e-10
10 10 4.045e-09
11 10 1.836e-08
12 10 4.539e-08
13 10 8.456e-08
14 10 1.344e-07
15 10 1.933e-07
16 10 2.598e-07
17 10 3.325e-07
18 10 4.103e-07
19 10 1.327e-06
20 10 2.292e-06
21 10 3.209e-06
22 10 4.061e-06
24 10 5.577e-06
27 10 7.468e-06
28 10 1.18e-05
29 10 1.456e-05
30 10 1.654e-05
31 10 1.804e-05
33 10 2.021e-05
36 10 2.232e-05
37 10 2.546e-05
38 10 2.611e-05
9 11 9.021e-12
10 11 4.47e-10
11 11 2.456e-09
12 11 6.822e-09
13 11 1.38e-08
14 11 2.333e-08
15 11 3.525e-08
16 11 4.932e-08
17 11 6.532000000000001e-08
18 11 8.303e-08
19 11 3.186e-07
20 11 5.986e-07
21 11 8.85e-07
22 11 1.165e-06
24 11 1.691e-06
27 11 2.389e-06
28 11 4.14e-06
29 11 5.36e-06
30 11 6.284e-06
31 11 7.02e-06
33 11 8.137e-06
36 11 9.296e-06
37 11 1.133e-05
38 11 1.23e-05
40 11 1.307e-05
45 11 1.312e-05
9 12 6.492e-13
10 12 4.918e-11
11 12 3.27e-10
12 12 1.021e-09
13 12 2.241e-09
14 12 4.031e-09
15 12 6.398e-09
16 12 9.323e-09
17 12 1.278e-08
18 12 1.673e-08
19 12 7.612999999999999e-08
20 12 1.557e-07
21 12 2.43e-07
22 12 3.326e-07
24 12 5.101e-07
27 12 7.605e-07
28 12 1.445e-06
29 12 1.963e-06
30 12 2.375e-06
31 12 2.715e-06
33 12 3.254e-06
36 12 3.844e-06
37 12 4.975e-06
38 12 5.583e-06
40 12 6.242e-06
45 12 6.795e-06
46 12 6.807e-06
9 13 4.654e-14
10 13 5.389e-12
11 13 4.337e-11
12 13 1.522e-10
13 13 3.625e-10
14 13 6.939e-10
15 13 1.157e-09
16 13 1.756e-09
17 13 2.49e-09
18 13 3.357e-09
19 13 1.812e-08
20 13 4.032e-08
21 13 6.645e-08
22 13 9.462999999999999e-08
24 13 1.533e-07
27 13 2.412e-07
28 13 5.025e-07
29 13 7.157e-07
30 13 8.936e-07
31 13 1.046e-06
33 13 1.295e-06
36 13 1.582e-06
37 13 2.171e-06
38 13 2.514e-06
40 13 2.92e-06
45 13 3.379e-06
46 13 3.63e-06
47 13 3.63e-06
9 14 3.326e-15
10 14 5.888e-13
11 14 5.735e-12
12 14 2.262e-11
13 14 5.847000000000001e-11
14 14 1.191e-10
15 14 2.085e-10
16 14 3.295e-10
17 14 4.836e-10
18 14 6.716e-10
19 14 4.301e-09
20 14 1.041e-08
21 14 1.812e-08
22 14 2.683e-08
24 14 4.594e-08
27 14 7.623e-08
28 14 1.741e-07
29 14 2.601e-07
30 14 3.351e-07
31 14 4.013e-07
33 14 5.138e-07
36 14 6.481e-07
37 14 9.429e-07
38 14 1.127e-06
40 14 1.357e-06
45 14 1.646e-06
46 14 1.877e-06
47 14 1.966e-06
48 14 1.984e-06
9 15 2.371e-16
10 15 6.414e-14
11 15 7.562e-13
12 15 3.352e-12
13 15 9.405e-12
14 15 2.038e-11
15 15 3.749e-11
16 15 6.169e-11
17 15 9.369e-11
18 15 1.34e-10
19 15 1.018e-09
20 15 2.681e-09
21 15 4.926e-09
22 15 7.587e-09
24 15 1.372e-08
27 15 2.403e-08
28 15 6.017e-08
29 15 9.426e-08
30 15 1.253e-07
31 15 1.536e-07
33 15 2.032e-07
36 15 2.648e-07
37 15 4.081e-07
38 15 5.029e-07
40 15 6.283e-07
45 15 7.973e-07
46 15 9.491e-07
47 15 1.023e-06
48 15 1.066e-06
49 15 1.092e-06
51 15 1.108e-06
9 16 1.708e-17
10 16 6.972e-15
11 16 9.947e-14
12 16 4.956e-13
13 16 1.509e-12
14 16 3.479e-12
15 16 6.723e-12
16 16 1.152e-11
17 16 1.811e-11
18 16 2.667e-11
19 16 2.403e-10
20 16 6.888e-10
21 16 1.336e-09
22 16 2.14e-09
23 16 3.067e-09
24 16 4.091e-09
25 16 5.19e-09
26 16 6.349e-09
27 16 7.555e-09
28 16 2.074e-08
29 16 3.407e-08
30 16 4.673e-08
31 16 5.861e-08
32 16 6.972e-08
33 16 8.014e-08
34 16 8.993e-08
35 16 9.916999999999999e-08
36 16 1.079e-07
37 16 1.762e-07
38 16 2.238e-07
39 16 2.604e-07
40 16 2.898e-07
42 16 3.356e-07
45 16 3.847e-07
46 16 4.77e-07
49 16 5.797e-07
54 16 6.28e-07
55 16 6.311e-07
9 17 5.136e-18
10 17 7.562e-16
11 17 1.306e-14
12 17 7.312e-14
13 17 2.417e-13
14 17 5.927e-13
15 17 1.203e-12
16 17 2.147e-12
17 17 3.492e-12
18 17 5.298e-12
19 17 5.663e-11
20 17 1.766e-10
21 17 3.616e-10
22 17 6.025e-10
23 17 8.902e-10
24 17 1.217e-09
25 17 1.576e-09
26 17 1.962e-09
27 17 2.371e-09
28 17 7.134e-09
29 17 1.229e-08
30 17 1.739e-08
31 17 2.232e-08
32 17 2.704e-08
33 17 3.154e-08
34 17 3.584e-08
35 17 3.995e-08
36 17 4.388e-08
37 17 7.587e-08
38 17 9.939000000000001e-08
39 17 1.18e-07
40 17 1.334e-07
42 17 1.579e-07
45 17 1.85e-07
46 17 2.389e-07
49 17 3.048e-07
54 17 3.445e-07
55 17 3.658e-07
56 17 3.659e-07
10 18 8.202e-17
11 18 1.711e-15
12 18 1.077e-14
13 18 3.863e-14
14 18 1.008e-13
